Tpos:381.000000 353.000000
Tpos:377.000000 112.000000
Tpos:365.000000 233.000000
