Tpos:389.000000 352.000000
Tpos:364.000000 266.000000
Tpos:384.000000 99.000000
Tpos:374.000000 182.000000
