Tpos:383.000000 472.000000
Tpos:344.000000 351.000000
Tpos:378.000000 113.000000
Tpos:365.000000 235.000000
